4326083
4328291
4380968
4401173
4402520
4421013
4421018
4421907
4430633
4431694
4432961
4433047
4433375
4435335
4436263
4437185
4447864
4448317
4448596
4457946
4467076
4468209
4473224
4476226
4479014
4481166
4485030
4486409
4487423
4497456
4501789
4507470
4510017
4513838
4531952
4532585
4544564
4561048
4568648
4580209
4603272
4610329
4613189
4617747
4622255
4640108
4650341
4655889
4656490
4658889
4660417
4665762
4675913
4679907
4684410
4684582
4691315
4701761
4707164
4709338
4722104
4725363
4727915
4728793
4733022
4734069
4748981
4749138
4749428
4750174
4769314
4769536
4769563
4776932
4784176
4795249
4800029
4802963
4808945
4810323
4814310
4815584
4817269
4818073
4818737
4819651
4820027
4820434
4823378
4825026
4825749
4827174
4827843
4828511
4829167
4843559
4849941
4851182
4862465
4864053
4864697
4877576
4882900
4883157
4899396
4899820
4906743
4906822
4906996
4909885
4911875
4913788
4915372
4916686
4917464
4919052
4922729
4923525
4925275
4926038
4926494
4926939
4927419
4927720
4928691
4929448
4932102
4934942
4936985
4937420
4937824
4938794
4939323
4940863
4941292
4941594
4944440
4945615
4946465
4952148
4952338
4952681
4957825
4960645
4961414
4962670
4963401
4963993
4964041
4964255
4964373
4965505
4965687
4965791
4966467
4966627
4967310
4970327
4970436
4970914
4973220
4973852
4974345
4978599
4980132
4980867
4981498
4981910
4982319
4983174
4983229
4989192
4990257
4990798
4992701
4993020
4995841
4996338
4998104
4998481
5000986
5000993
5001216
5001673
5006482
5008454
5009603
5009948
5010931
5015735
5020875
5027607
5028794
5029510
5030305
5030868
5031292
5032440
5032645
5034552
5035751
5038207
5039776
5043018
5046626
5047320
5057053
5057872
5059563
5060715
5062459
5071691
5075774
5076019
5077259
5078536
5080197
5080616
5082508
5083165
5083215
5087192
5090632
5095956
5096121
5096687
5097498
5103824
5109050
5109396
5113253
5117990
5119641
5119728
5123416
5129542
5132250
5132297
5132951
5133649
5133975
5136211
5140481
5140798
5143488
5147097
5149194
5152022
5154033
5160709
5165911
5168111
5182365
5182637
5189959
5190885
5190949
5191194
5191812
5192299
5192575
5192769
5192796
5193309
5194849
5195686
5196010
5196217
5196414
5196474
5197469
5197486
5197576
5198862
5198891
5198918
5200199
5200206
5200466
5201134
5202167
5202228
5202397
5202477
5202564
5202569
5202757
5203523
5204132
5204743
5204974
5206139
5206741
5219734
5219984
5242876
5249880
5266898
5273299
5281853
5282240
5284696
5294344
5299248
5303317
5314993
5326343
5334223
5334426
5336544
5336890
5338241
5339032
5341272
5346346
5351994
5356856
5361257
5373559
5373577
5382513
5385033
5393585
5415367
5415368
5416927
5418225
5446528
5451855
5455394
5455812
5467862
5476921
5483971
5484894
5492134
5495647
5502228
5520663
5526002
5528126
5546727
5556632
5584866
5585099
5602158
5602159
5605913
5612342
5612921
5618393
5620653
5622134
5622609
5622614
5625016
5630867
5631139
5635961
5637563
5637857
5643882
5645643
5646579
5650387
5654332
5670348
5674851
5680334
5687569
5688268
5691198
5693387
5695006
5695691
5697300
5699349
5699433
5699876
5699911
5701036
5703847
5704877
5705454
5706890
5712545
5714527
5715041
5715404
5719439
5719756
5721674
5722274
5723557
5730482
5730699
5733746
5747249
5749074
5751608
5756983
5758393
5762151
5764988
5765763
5766154
5766854
5767291
5767928
5768357
5772579
5772706
5776584
5777322
5780506
5780998
5781805
5783369
5784453
5787796
5792287
5792925
5793458
5796597
5808050
5808054
5811519
5815924
5819396
5819447
5820454
5823877
5823882
5825354
5825471
5826777
5828388
5837440
5838018
5841144
5841697
5841910
5847769
5849884
5849921
5857629
5857779
5858092
5862695
5862856
5863392
5863871
5865202
5866561
5866902
5867441
5867679
5867805
5872068
5874977
5875524
5877442
5878691
5879063
5880054
5881293
5883203
5883316
5883917
5884318
5885130
5887981
5888346
5889182
5889976
5891715
5894138
5894520
5896309
5896807
5901437
5903456
5904534
5905304
5905788
5907858
5909590
5912484
5914032
5920334
5922807
5923401
5924990
5932901
5933762
5937389
5938171
5940867
5944856
5951562
5954036
5954699
5955619
5961265
5961551
5961723
5962009
5962033
5962233
5968579
5969010
5969389
5969522
5969677
5971426
5971943
5972298
5972466
5972795
5973580
5976262
5976281
5978887
5980348
5981515
5983579
5985612
5985755
5986363
5987079
5988235
5989525
5995776
5996172
5996683
5998179
5998201
5998385
5998888
6000150
6000826
6001133
6003721
6005808
6007842
6007976
6008005
6008200
6009055
6009171
